5144444444444444444444414144444444445144444444444444444444444444444444444444444444444440444444514444444444444444444444444444444444444444444444444444444444444444444444444444444444444444444444444444444444444444444444444444444444444444444444444444444444444444
5144444444444444414141414141444444445144444444444444444444444444444444444444444440404040444444514444444444444444444444444444444444444444444444444444444444444444444444444444444444444444444444444444444444444444444444444444444444444444444444444444444444444444
5144444444444141444444414144514444445144444444444444444444444444444444444444444444444444444444514444444444444444444444444444444444444444444444444444444444444444444444444444444444444444444444444444444444444444444444444444444444444444444444444444444444444444
5144444444444144444444414444514444445140404444444444444444444444444444444444444444444444444444514444444444444444444444444444444444444444444444444444444444444444444444444444444444444444444444444444444444444444444444444444444444444444444444444444444444444444
5140404040404444444040404040514465444462624444444444444444444444444444444444444444444444444444514444444444444444444444444444444444444444444444444444444444444444444444444444444444444444444444444444444444444444444444444444444444444444444444444444444444444444
5144444444444444445144444444444444444444444444445144444444304444441c44444444514444444444444444514444444444444444444444444444444444444444444444444444444444444444444444444444444444444444444444444444444444444444444444444444444444444444444444444444444444444444
5144444444444444445144444441414040404040404040404040404040404040404040404040404040404040404040514444444444444444444444444444444444444444444444444444444444444444444444444444444444444444444444444444444444444444444444444444444444444444444444444444444444444444
514144444444707044514441414444444144444444444444444444444444444444444444444444444444444441441c514444444444444444444444444444444444444444444444444444444444444444444444444444444444444444444444444444444444444444444444444444444444444444444444444444444444444444
514444444444414444514441444444444141444444444144444444414444454444414544444445444444454441440d514444444444444444444444444444444444444444444444444444444444444444444444444444444444444444444444444444444444444444444444444444444444444444444444444444444444444444
5144444444444444445144444444444444444444444444444444444470404040404040404040404040404040404040514444444444444444444444444444444444444444444444444444444444444444444444444444444444444444444444444444444444444444444444444444444444444444444444444444444444444444
5144444444444444445144444444444444444444444243444444444444444444444444444444444444444444444441514444444444444444444444444444444444444444444444444444444444444444444444444444444444444444444444444444444444444444444444444444444444444444444444444444444444444444
51444444444440404051444444440d4444444141445253444444444444444144444444444444444444444444444144514444444444444444444444444444444444444444444444444444444444444444444444444444444444444444444444444444444444444444444444444444444444444444444444444444444444444444
5140404444444444444444444444444444444444444444444444444444444444444444444444444444444444444444514444444444444444444444444444444444444444444444444444444444444444444444444444444444444444444444444444444444444444444444444444444444444444444444444444444444444444
5144444444444444444444444440404040404044444444444440514444444444444444444444444444444444444444514444444444444444444444444444444444444444444444444444444444444444444444444444444444444444444444444444444444444444444444444444444444444444444444444444444444444444
5144414144444444444444444441414444443840404040404044514444444444444444444444444444444444444444514444444444444444444444444444444444444444444444444444444444444444444444444444444444444444444444444444444444444444444444444444444444444444444444444444444444444444
5141444444414444444444414144444441444444444441414444514144444444444441444444444444444444414444514444444444444444444444444444444444444444444444444444444444444444444444444444444444444444444444444444444444444444444444444444444444444444444444444444444444444444
5144444444414144444444414444444441414444444441441c44513840404040405144444444446544444444414444514444444444444444444444444444444444444444444444444444444444444444444444444444444444444444444444444444444444444444444444444444444444444444444444444444444444444444
5144444444444444444444444444444444444444444444444444444444444444445144444444444444444444444444514444444444444444444444444444444444444444444444444444444444444444444444444444444444444444444444444444444444444444444444444444444444444444444444444444444444444444
5140407070704040404040404040404040404040404040404040404040404040404040404040404040404051444444514444444444444444444444444444444444444444444444444444444444444444444444444444444444444444444444444444444444444444444444444444444444444444444444444444444444444444
5144444444444444444444445144444444444444444444444444444444444444444444444444444444444451444444514444444444444444444444444444444444444444444444444444444444444444444444444444444444444444444444444444444444444444444444444444444444444444444444444444444444444444
51444444444444444441444451444444441c4444444444444444444444444444441d444444444444444444510d4444514444444444444444444444444444444444444444444444444444444444444444444444444444444444444444444444444444444444444444444444444444444444444444444444444444444444444444
5144444444444444444144445144444444444444444435444444444444444444444444444444444444444451444444514444444444444444444444444444444444444444444444444444444444444444444444444444444444444444444444444444444444444444444444444444444444444444444444444444444444444444
5144414144444444414141445144414444444444444435444141444444444444444444414144444444354451444444514444444444444444444444444444444444444444444444444444444444444444444444444444444444444444444444444444444444444444444444444444444444444444444444444444444444444444
511c444444444444444144444444444444444444444444444444444444444444444444444444444444444444444444514444444444444444444444444444444444444444444444444444444444444444444444444444444444444444444444444444444444444444444444444444444444444444444444444444444444444444
5144444444444040404040404040404040404040404040404040404040404040404040404040404040404040404040514444444444444444444444444444444444444444444444444444444444444444444444444444444444444444444444444444444444444444444444444444444444444444444444444444444444444444
5140404444444444444444444444444444444444444444444444444444444444444444444444444444444444444444514444444444444444444444444444444444444444444444444444444444444444444444444444444444444444444444444444444444444444444444444444444444444444444444444444444444444444
5144444444444444444444444144444441444444444441414444444144444444444444444444444444444444414444514444444444444444444444444444444444444444444444444444444444444444444444444444444444444444444444444444444444444444444444444444444444444444444444444444444444444444
5144444445444441444444444444444441414442434441444444444141444444444444414444444444444444414444514444444444444444444444444444444444444444444444444444444444444444444444444444444444444444444444444444444444444444444444444444444444444444444444444444444444444444
5144444444444444444444444444444445444452534444454444444444444445444441414144444544444444766644514444444444444444444444444444444444444444444444444444444444444444444444444444444444444444444444444444444444444444444444444444444444444444444444444444444444444444
51444444444444440d4444444444444444444444444444444444444444444444444444414444444444446544766644514444444444444444444444444444444444444444444444444444444444444444444444444444444444444444444444444444444444444444444444444444444444444444444444444444444444444444
5144444444444444444444445130304444444444444444444444444451304444444444414444514444414444766644514444444444444444444444444444444444444444444444444444444444444444444444444444444444444444444444444444444444444444444444444444444444444444444444444444444444444444
4040407070707040404040404040404040404040404040404040404040404040404040404040404040404040404040514444444444444444444444444444444444444444444444444444444444444444444444444444444444444444444444444444444444444444444444444444444444444444444444444444444444444444